$ANSIBLE_VAULT;1.1;AES256
35663337323864303431646235356131396165646163646238663234613061666235653262623465
3336393563323337343537363037663832333236636561340a333536653536646261323565396130
64646564306462363834616632396234386136343737363732343361383563663738623734306532
3631346330643263610a346537633930376233633638663735366164653166613235626162373161
64636130653064613937363238323938346631376632316465323666306664646630373933303936
66656561326362303239336265323861643363626335633832346136363132313539356237636565
61393838303131383463633963336238316363366633626239313162626135633637646633303238
61656331623961363335653432346166333566383735653832363831303565313239303164316233
31343833343534636264303135626637626561383963353166306431393436306132626533363661
30663737363166313664306532316662636666623930636634633634316533653938313366616133
62643761303830396466333937353437333364376238316131353635653332323365626632656237
66616561633535333465663137316430303637646136356330646565353031663431653133393938
32363065356634333638323465643064653235313633626263353364656232303637643533366433
61353039373138383231323637366136353137383530356264623034343438386335326633643333
37323630616164306132643235376664623534656365316430386337393436623765353434343433
65623139316465643337373365626161633036333365376463626334353630633865663765323862
61616661323431613464356134373965343663633866663838323134336535616136323132623733
62323533326235383539356638666562333062363032303963306438636136363463653033383331
39636561363763363864313437316264366666363962393438353539333434373365386333356564
35306632656263313966636537393162393665393639343863636262383332363465356239666362
32626132616338313232623165386163386238303033333931633432326131316338653562623933
39383732626661643161363363373734333531343062333062316235303135643837326531383439
64643935313864653566653234366333653532623635386532633133626634326234323638333534
32653166353964336662386435663965363138316230313834663962613563646634303935333832
61376633303632656431383566623261663231626636303732306639386232396137313931366163
31373931633535386635363031356535653134366666343366636665396363396635336536353639
64303564323135653936396430326137383931366231393135626630656139373132373339643964
32323665643933303834
